20.8 0.0001 6 71.66615
20.8 0.0005 7 71.54753
20.8 0.001 7 71.06588
20.8 0.005 3 71.06596
20.8 0.01 5 71.07404
40.48 0.0001 7 103.4453
40.48 0.0005 5 103.2238
40.48 0.001 6 102.8457
40.48 0.005 8 102.5688
40.48 0.01 0 102.5688
100 0.0001 1 153.2833
100 0.0005 1 156.2448
100 0.001 8 155.5317
100 0.005 6 155.4437
100 0.01 6 155.615
101.76 0.0001 6 155.5398
101.76 0.0005 1 158.1929
101.76 0.001 4 158.2777
101.76 0.005 7 157.8416
101.76 0.01 6 157.9975
219.84 0.0001 2 177.0906
219.84 0.0005 3 194.4217
219.84 0.001 4 201.5221
219.84 0.005 4 201.4643
219.84 0.01 9 202.3023
266.08 0.0001 9 182.2114
266.08 0.0005 4 197.1418
266.08 0.001 3 208.2367
266.08 0.005 7 209.2316
266.08 0.01 4 206.7677
323.84 0.0001 2 179.8114
323.84 0.0005 8 199.614
323.84 0.001 2 211.7032
323.84 0.005 5 212.4124
323.84 0.01 0 210.7253
340.16 0.0001 9 179.0141
340.16 0.0005 0 200.3228
340.16 0.001 1 212.8828
340.16 0.005 5 213.0092
340.16 0.01 7 209.8883
392 0.0001 7 175.4519
392 0.0005 9 198.7969
392 0.001 8 213.0717
392 0.005 6 211.4187
392 0.01 8 210.9994
