1.000000000000000000e+00 6.449559870821656204e+01
2.000000000000000000e+00 8.295451023463265017e+01
3.000000000000000000e+00 9.794268469555126444e+01
4.000000000000000000e+00 1.115654720607955426e+02
5.000000000000000000e+00 1.239319839258634062e+02
6.000000000000000000e+00 1.357708031621746443e+02
7.000000000000000000e+00 1.459029929954126032e+02
8.000000000000000000e+00 1.551594877186786618e+02
9.000000000000000000e+00 1.628799105865987542e+02
1.000000000000000000e+01 1.697600351734803610e+02
1.100000000000000000e+01 1.753880337060999750e+02
1.200000000000000000e+01 1.805602367888436675e+02
1.300000000000000000e+01 1.848161713527313736e+02
1.400000000000000000e+01 1.885961355086286346e+02
1.500000000000000000e+01 1.916345750682222899e+02
1.600000000000000000e+01 1.945404617937252851e+02
1.700000000000000000e+01 1.969564403022880867e+02
1.800000000000000000e+01 1.991733925383230712e+02
1.900000000000000000e+01 2.008371786472925749e+02
2.000000000000000000e+01 2.025990194907087130e+02
2.100000000000000000e+01 2.041015534369152249e+02
2.200000000000000000e+01 2.054880474604468361e+02
2.300000000000000000e+01 2.064861426132411850e+02
2.400000000000000000e+01 2.073813118230454791e+02
2.500000000000000000e+01 2.084323869816536217e+02
2.600000000000000000e+01 2.094421465382878580e+02
2.700000000000000000e+01 2.101327716401737007e+02
2.800000000000000000e+01 2.107986533813666483e+02
2.900000000000000000e+01 2.111734803684719282e+02
3.000000000000000000e+01 2.116617244513734590e+02
3.100000000000000000e+01 2.123075877897824455e+02
3.200000000000000000e+01 2.129391208032815257e+02
3.400000000000000000e+01 2.137462592423484011e+02
3.500000000000000000e+01 2.139217763697760120e+02
3.600000000000000000e+01 2.141562090611413680e+02
3.700000000000000000e+01 2.141463045167398889e+02
4.100000000000000000e+01 2.154306695535495635e+02
4.200000000000000000e+01 2.157326370444797590e+02
4.300000000000000000e+01 2.158438519019991588e+02
4.400000000000000000e+01 2.160053977721494789e+02
4.500000000000000000e+01 2.160114213571452240e+02
4.600000000000000000e+01 2.160525895850122424e+02
4.700000000000000000e+01 2.159491488485163870e+02
4.800000000000000000e+01 2.158927472991335890e+02
4.900000000000000000e+01 2.156516941513455947e+02
5.000000000000000000e+01 2.157315299767805925e+02
5.100000000000000000e+01 2.160282915588236108e+02
5.500000000000000000e+01 2.169936316963836873e+02
5.600000000000000000e+01 2.171838561864516635e+02
5.700000000000000000e+01 2.172593344998437033e+02
