-3.02172
-3.02172
-3.02172
-3.02371
-3.02371
-3.03174
-3.05069
-3.0657
-3.0657
-3.0657
-3.0657
-3.0657
-3.07611
-3.07995
-3.09239
-3.09239
-3.09239
-3.0928
-3.10329
-3.11507
-3.11615
-3.12549
-3.12932
-3.12932
-3.12932
-3.13646
-3.13646
-3.13794
-3.13907
-3.13907
-3.14729
-3.15089
-3.15089
-3.15245
-3.15245
-3.15715
-3.15715
-3.15777
-3.15777
-3.16131
-3.16131
-3.16131
-3.16131
-3.16131
-3.16131
-3.16131
-3.16131
-3.16236
-3.16389
-3.16608
-3.16608
-3.16608
-3.16608
-3.1673
-3.1673
-3.1673
-3.1673
-3.1684
-3.1684
-3.1684
-3.1684
-3.1684
-3.1684
-3.1684
-3.1684
-3.1684
-3.1684
-3.1684
-3.1684
-3.16983
-3.16983
-3.16983
-3.16983
-3.16983
-3.16983
-3.16983
-3.16983
-3.16983
-3.16983
-3.16983
-3.16983
-3.16983
-3.16983
-3.16983
-3.17065
-3.17065
-3.17065
-3.17065
-3.17065
-3.17065
-3.17065
-3.17065
-3.17065
-3.17065
-3.17065
-3.17065
-3.17065
-3.17065
-3.17065
-3.17065
-3.17065
-3.17065
-3.17065
-3.17065
-3.17065
-3.17065
-3.17065
-3.17065
-3.172
-3.172
-3.17231
-3.17231
-3.17231
-3.17231
-3.17231
-3.17231
-3.17231
-3.17231
-3.17231
-3.17231
-3.17231
-3.17231
-3.17231
-3.17231
-3.17231
-3.17231
-3.17231
-3.17231
-3.17231
-3.17231
-3.17231
-3.17231
-3.17231
-3.17231
-3.17231
-3.17231
-3.17231
-3.17231
-3.17231
-3.17231
-3.17231
-3.17231
-3.17231
-3.17231
-3.17231
-3.17231
-3.17231
-3.17231
-3.17231
-3.17231
-3.17231
-3.17231
-3.17231
-3.17231
-3.17231
-3.17231
-3.17231
-3.17231
-3.17231
-3.17231
-3.17231
-3.17231
-3.17231
-3.17231
-3.17231
-3.17231
-3.17231
-3.17231
-3.17231
-3.17231
-3.17231
-3.17231
-3.17231
-3.17231
-3.17231
-3.17231
-3.17231
-3.17231
-3.17231
-3.17231
-3.17231
-3.17231
-3.17231
-3.17231
-3.17231
-3.17231
-3.17231
-3.17231
-3.17231
-3.17231
-3.17231
-3.17231
-3.17231
-3.17231
-3.17264
-3.17264
-3.17264
-3.17337
-3.17337
-3.17337
-3.17337
-3.17337
-3.17337
-3.17337
-3.17337
-3.17337
-3.17337
-3.17337
-3.17337
-3.17337
-3.17337
-3.17337
-3.17337
-3.17337
-3.17337
-3.17337
-3.17337
-3.17337
-3.17337
-3.17337
-3.17337
-3.17337
-3.17337
-3.17337
-3.17337
-3.17337
-3.17337
-3.17337
-3.17337
-3.17337
-3.17337
-3.17337
-3.17342
-3.17342
-3.17342
-3.17342
-3.17342
-3.17342
-3.17342
-3.17342
-3.17342
-3.17342
-3.17342
-3.17342
-3.17342
-3.17342
-3.17342
-3.17342
-3.17342
-3.17342
-3.17342
-3.17342
-3.17374
-3.17383
-3.17436
-3.17436
-3.17436
-3.17436
-3.17436
-3.17436
-3.17436
-3.17436
-3.17436
-3.1748
-3.1748
-3.1748
-3.1748
-3.1748
-3.1748
-3.1748
-3.1748
-3.1748
-3.1748
-3.1748
-3.1748
-3.1748
-3.1748
-3.1748
-3.1748
-3.1748
-3.1748
-3.1748
-3.1748
-3.1748
-3.1748
-3.1748
-3.1748
-3.1748
-3.1748
-3.1748
-3.1748
-3.1748
-3.1748
-3.1748
-3.1748
-3.1748
-3.1748
-3.1748
-3.1748
-3.1748
-3.1748
-3.1748
-3.1748
-3.1748
-3.1748
-3.1748
-3.1748
-3.1748
-3.1748
-3.1748
-3.1748
-3.1748
-3.1748
-3.1748
-3.1748
-3.1748
-3.1748
-3.1748
-3.1748
-3.1748
-3.1748
-3.1748
-3.1748
-3.1748
-3.1748
-3.1748
-3.1748
-3.1748
-3.1748
-3.1748
-3.1748
-3.1748
-3.1748
-3.1748
-3.1748
-3.1748
-3.1748
-3.1748
-3.1748
-3.1748
-3.1748
-3.1748
-3.1748
-3.1748
-3.1748
-3.1748
-3.1748
-3.1748
-3.1748
-3.1748
-3.1748
-3.1748
-3.1748
-3.1748
-3.1748
-3.1748
-3.1748
-3.1748
-3.1748
-3.1748
-3.1748
-3.1748
-3.1748
-3.1748
-3.1748
-3.17494
-3.17494
-3.17494
-3.17494
-3.17494
-3.17494
-3.17494
-3.17494
-3.17494
-3.17494
-3.17494
-3.17494
-3.17494
-3.17494
-3.17494
-3.17494
-3.17494
-3.17494
-3.17494
-3.17494
-3.17494
-3.17494
-3.17494
-3.17494
-3.17494
-3.17494
-3.17494
-3.17494
-3.17494
-3.17494
-3.17494
-3.17494
-3.17494
-3.17494
-3.17494
-3.17494
-3.17494
-3.17494
-3.17494
-3.17494
-3.17494
-3.17494
-3.17494
-3.17494
-3.17494
-3.17494
-3.17494
-3.17494
-3.17494
-3.17494
-3.17494
-3.17494
-3.17494
-3.17494
-3.17494
-3.17494
-3.17499
-3.17499
-3.17499
-3.17499
-3.17499
-3.17499
-3.17499
-3.17499
-3.17499
-3.17499
-3.17499
-3.17499
-3.17499
-3.17499
-3.17499
-3.17499
-3.17499
-3.17499
-3.17499
-3.17499
-3.17499
-3.17499
-3.17499
-3.17499
-3.17499
-3.17499
-3.17499
-3.17499
-3.17499
-3.17499
-3.17499
-3.17499
-3.17499
-3.17499
-3.17499
-3.17499
-3.17499
-3.17499
-3.17499
-3.17499
-3.17499
-3.17499
-3.17499
-3.17499
-3.17499
-3.17499
-3.17499
-3.17499
-3.17499
-3.17499
-3.17499
-3.17499
-3.17499
-3.17499
-3.17499
-3.17499
-3.17499
-3.17499
-3.17499
-3.17499
-3.17499
-3.17499
-3.17499
-3.17499
-3.17499
-3.17499
-3.17499
-3.17499
-3.17499
-3.17499
-3.17499
-3.17499
-3.17499
-3.17499
-3.17499
-3.17499
-3.17499
-3.17499
-3.17499
-3.17499
-3.02172
-3.02172
-3.02172
-3.02172
-3.02747
-3.04611
-3.05561
-3.06702
-3.06702
-3.06702
-3.06723
-3.06723
-3.06723
-3.06723
-3.06723
-3.06888
-3.08146
-3.08146
-3.08899
-3.08899
-3.09784
-3.10865
-3.10865
-3.11569
-3.11763
-3.11763
-3.11961
-3.11961
-3.11961
-3.12065
-3.12065
-3.12065
-3.12065
-3.12065
-3.12413
-3.12583
-3.12583
-3.12873
-3.13074
-3.1313
-3.13585
-3.13585
-3.13585
-3.13611
-3.13611
-3.14192
-3.14535
-3.14783
-3.14783
-3.15011
-3.15084
-3.15084
-3.15625
-3.15963
-3.16235
-3.16235
-3.16295
-3.16295
-3.16295
-3.16295
-3.16626
-3.16626
-3.16626
-3.16691
-3.16691
-3.16691
-3.16691
-3.16691
-3.16691
-3.16691
-3.16691
-3.16691
-3.16691
-3.16691
-3.16691
-3.16691
-3.16879
-3.16879
-3.16879
-3.16879
-3.16879
-3.16979
-3.16979
-3.16979
-3.16979
-3.16979
-3.16979
-3.16979
-3.16979
-3.16979
-3.16979
-3.16979
-3.16979
-3.16979
-3.16979
-3.16979
-3.16979
-3.16979
-3.16979
-3.16979
-3.16979
-3.16979
-3.16979
-3.16979
-3.16979
-3.16979
-3.16979
-3.16979
-3.16979
-3.16979
-3.16979
-3.16979
-3.16979
-3.16979
-3.16979
-3.16979
-3.16979
-3.16979
-3.16979
-3.17151
-3.17151
-3.17151
-3.17151
-3.17151
-3.17229
-3.17229
-3.17229
-3.17229
-3.17229
-3.17229
-3.17229
-3.17231
-3.17231
-3.17231
-3.17231
-3.17231
-3.17231
-3.17231
-3.17231
-3.17231
-3.17231
-3.17231
-3.17231
-3.17231
-3.17231
-3.17231
-3.17231
-3.17346
-3.17346
-3.17346
-3.17346
-3.17346
-3.17346
-3.17346
-3.17346
-3.17346
-3.17346
-3.17346
-3.1748
-3.1748
-3.1748
-3.1748
-3.17487
-3.17487
-3.17487
-3.17487
-3.17487
-3.17487
-3.17516
-3.17516
-3.17516
-3.17516
-3.17516
-3.17516
-3.17516
-3.17516
-3.17516
-3.17516
-3.17516
-3.17516
-3.17516
-3.17555
-3.17555
-3.17555
-3.17555
-3.17555
-3.17555
-3.17555
-3.17555
-3.17648
-3.17648
-3.17648
-3.17648
-3.17648
-3.17648
-3.17659
-3.17659
-3.17659
-3.17659
-3.17659
-3.17659
-3.17659
-3.17659
-3.17659
-3.17659
-3.17659
-3.17659
-3.17659
-3.17659
-3.17659
-3.17659
-3.17659
-3.17659
-3.17659
-3.17659
-3.17659
-3.17659
-3.17659
-3.17659
-3.17692
-3.17692
-3.17692
-3.17692
-3.17692
-3.17692
-3.17692
-3.17692
-3.17692
-3.17692
-3.17708
-3.17708
-3.17708
-3.17708
-3.17708
-3.17708
-3.17708
-3.17708
-3.17708
-3.17728
-3.17734
-3.17734
-3.17734
-3.17734
-3.17736
-3.17736
-3.17736
-3.17736
-3.17736
-3.17736
-3.17736
-3.17736
-3.17736
-3.17736
-3.17736
-3.17736
-3.17736
-3.17736
-3.17797
-3.17797
-3.178
-3.178
-3.178
-3.178
-3.17873
-3.17873
-3.17873
-3.17873
-3.17873
-3.17873
-3.17873
-3.17873
-3.17873
-3.17873
-3.17873
-3.17873
-3.17873
-3.17873
-3.17873
-3.17873
-3.17873
-3.17873
-3.17873
-3.17873
-3.17873
-3.17873
-3.17873
-3.17873
-3.17873
-3.17873
-3.17873
-3.17873
-3.17873
-3.17873
-3.17873
-3.17873
-3.17873
-3.17873
-3.1788
-3.1788
-3.1788
-3.1788
-3.1788
-3.1788
-3.1788
-3.1788
-3.1788
-3.17889
-3.17889
-3.17889
-3.17889
-3.17906
-3.17906
-3.17906
-3.17906
-3.17906
-3.17906
-3.17906
-3.17906
-3.17969
-3.17969
-3.18017
-3.18017
-3.18017
-3.18017
-3.18017
-3.18017
-3.18017
-3.18017
-3.18017
-3.18019
-3.18019
-3.18019
-3.18019
-3.18019
-3.18019
-3.18019
-3.18019
-3.18019
-3.18019
-3.18019
-3.18019
-3.18019
-3.18019
-3.18019
-3.18019
-3.18019
-3.18019
-3.18019
-3.18019
-3.18019
-3.18019
-3.18019
-3.18019
-3.18019
-3.18019
-3.18019
-3.18019
-3.18019
-3.18019
-3.18019
-3.18019
-3.18019
-3.18019
-3.18019
-3.18019
-3.18019
-3.18019
-3.18019
-3.18019
-3.18019
-3.18019
-3.18019
-3.18019
-3.18019
-3.18019
-3.18019
-3.18019
-3.18019
-3.18019
-3.18019
-3.18019
-3.18019
-3.18019
-3.18019
-3.18019
-3.18019
-3.18019
-3.18019
-3.18019
-3.18019
-3.18019
-3.18019
-3.18019
-3.18019
-3.18019
-3.18019
-3.18019
-3.18019
-3.18019
-3.18019
-3.18019
-3.18019
-3.18019
-3.18019
-3.18019
-3.18019
-3.18019
-3.18019
-3.18019
-3.18019
-3.18019
-3.18019
-3.18019
-3.18019
-3.18019
-3.18019
-3.18019
-3.18019
-3.18019
-3.18019
-3.18019
-3.18019
-3.18019
-3.18019
-3.18019
-3.18019
-3.18019
-3.18019
-3.18019
-3.18019
-3.18019
-3.18019
-3.18019
-3.18019
-3.18019
-3.18019
-3.18019
-3.18019
-3.18019
-3.18019
-3.18019
-3.18019
-3.18019
-3.18019
-3.18019
-3.18019
-3.18019
-3.18019
-3.18019
-3.18019
-3.18019
-3.18019
-3.18019
-3.18019
-3.18019
-3.18019
-3.18019
-3.18019
-3.18019
-3.18019
-3.18019
-3.18019
-3.18019
-3.18019
-3.18019
-3.18019
-3.18019
-3.18019
-3.18019
-3.18019
-3.18019
-3.18019
-3.18019
-3.18019
-3.18019
-3.18019
-3.18019
-3.18019
-3.18019
-3.18019
-3.18019
-3.18019
-3.18019
-3.18019
-3.18019
-3.18019
-3.18019
-3.18019
-3.18019
-3.18019
-3.18019
-3.18019
-3.18019
-3.18019
-3.18019
-3.18019
-3.18019
-3.18019
-3.18019
-3.18019
-3.18019
-3.02172
-3.03068
-3.03068
-3.03854
-3.05047
-3.05047
-3.05047
-3.05047
-3.05803
-3.06516
-3.06549
-3.06549
-3.08179
-3.0876
-3.09369
-3.09369
-3.09514
-3.10165
-3.10281
-3.10932
-3.10932
-3.10932
-3.10932
-3.11431
-3.11431
-3.12489
-3.12489
-3.12489
-3.12489
-3.12627
-3.12663
-3.13012
-3.13012
-3.13012
-3.13012
-3.13012
-3.13012
-3.13084
-3.13344
-3.13344
-3.14057
-3.14057
-3.14057
-3.14057
-3.14057
-3.14533
-3.14533
-3.14533
-3.14533
-3.14613
-3.14613
-3.1505
-3.15476
-3.15476
-3.15504
-3.15923
-3.15995
-3.15995
-3.15995
-3.15995
-3.16318
-3.16318
-3.16318
-3.16318
-3.16318
-3.16318
-3.16318
-3.16318
-3.16318
-3.16318
-3.16318
-3.16318
-3.16318
-3.16318
-3.16331
-3.16331
-3.16331
-3.16371
-3.16371
-3.16371
-3.16371
-3.16371
-3.16371
-3.16371
-3.16371
-3.16371
-3.16371
-3.16561
-3.16561
-3.16561
-3.16561
-3.16727
-3.16736
-3.16736
-3.16736
-3.16736
-3.16736
-3.16736
-3.16736
-3.16736
-3.16765
-3.16765
-3.16765
-3.16765
-3.16765
-3.16765
-3.16783
-3.16783
-3.16783
-3.16822
-3.16822
-3.16822
-3.16822
-3.16822
-3.16844
-3.16914
-3.16914
-3.16914
-3.16917
-3.16973
-3.16973
-3.16973
-3.16973
-3.16973
-3.16973
-3.16973
-3.16973
-3.16973
-3.16996
-3.16996
-3.16996
-3.16996
-3.17
-3.17
-3.17
-3.17
-3.17
-3.17
-3.17
-3.17
-3.17
-3.17
-3.17
-3.17
-3.1704
-3.1704
-3.1704
-3.1704
-3.17106
-3.17106
-3.17106
-3.17106
-3.17106
-3.17106
-3.17106
-3.17106
-3.17139
-3.17154
-3.17154
-3.17154
-3.17154
-3.17154
-3.17154
-3.17154
-3.17154
-3.17154
-3.17154
-3.17154
-3.17154
-3.17154
-3.17154
-3.17154
-3.17154
-3.17154
-3.17154
-3.17154
-3.17154
-3.17154
-3.17154
-3.17154
-3.17154
-3.17154
-3.17154
-3.17154
-3.17154
-3.17154
-3.17154
-3.17154
-3.17154
-3.17154
-3.17154
-3.17238
-3.17238
-3.17238
-3.17238
-3.17238
-3.17238
-3.17238
-3.17238
-3.17238
-3.17238
-3.17238
-3.17238
-3.17238
-3.17238
-3.17238
-3.17238
-3.17238
-3.17238
-3.17238
-3.17238
-3.17238
-3.17238
-3.17238
-3.17238
-3.17271
-3.17271
-3.17271
-3.17271
-3.17271
-3.17271
-3.17271
-3.17271
-3.17271
-3.17271
-3.17271
-3.17271
-3.17271
-3.17271
-3.17271
-3.17271
-3.17271
-3.17271
-3.17271
-3.17271
-3.17271
-3.17271
-3.17271
-3.17271
-3.17271
-3.17271
-3.17271
-3.17271
-3.17271
-3.17271
-3.17271
-3.17271
-3.17271
-3.17271
-3.17304
-3.17304
-3.17441
-3.17441
-3.17441
-3.17441
-3.17441
-3.17441
-3.17441
-3.17441
-3.17441
-3.17441
-3.17441
-3.17441
-3.17441
-3.17441
-3.17441
-3.17441
-3.17441
-3.17441
-3.17441
-3.17441
-3.17441
-3.17441
-3.17441
-3.17441
-3.17441
-3.17441
-3.17441
-3.17441
-3.17441
-3.17441
-3.17441
-3.17441
-3.17441
-3.17441
-3.17441
-3.17441
-3.17441
-3.17441
-3.17441
-3.17441
-3.17441
-3.17441
-3.17441
-3.17441
-3.17441
-3.17441
-3.17441
-3.17441
-3.17441
-3.17441
-3.17441
-3.17441
-3.17441
-3.17441
-3.17441
-3.17441
-3.17441
-3.17441
-3.17441
-3.17441
-3.17441
-3.17441
-3.17441
-3.17441
-3.17441
-3.17441
-3.17441
-3.17441
-3.17441
-3.17441
-3.17441
-3.17441
-3.17441
-3.17441
-3.17441
-3.17441
-3.17441
-3.17441
-3.17441
-3.17441
-3.17441
-3.17441
-3.17441
-3.17441
-3.17441
-3.17441
-3.17441
-3.17441
-3.17441
-3.17441
-3.17441
-3.17441
-3.17441
-3.17493
-3.17493
-3.17493
-3.17493
-3.17493
-3.17493
-3.17493
-3.17493
-3.17493
-3.17493
-3.17493
-3.17493
-3.17493
-3.17493
-3.17493
-3.17493
-3.17493
-3.17493
-3.17493
-3.17493
-3.17493
-3.17493
-3.17493
-3.17493
-3.17493
-3.17493
-3.17493
-3.17493
-3.17493
-3.17493
-3.17493
-3.17493
-3.17493
-3.17493
-3.17493
-3.17537
-3.17537
-3.17537
-3.17537
-3.17559
-3.17559
-3.17559
-3.17559
-3.17559
-3.17559
-3.17559
-3.17559
-3.17559
-3.17559
-3.17559
-3.17559
-3.17559
-3.17559
-3.17559
-3.17559
-3.17559
-3.17559
-3.17559
-3.17559
-3.17582
-3.17582
-3.17582
-3.17582
-3.17582
-3.17582
-3.17582
-3.17582
-3.17582
-3.17582
-3.17582
-3.17582
-3.17582
-3.17582
-3.17582
-3.17582
-3.17582
-3.17582
-3.17582
-3.17582
-3.17582
-3.17582
-3.17582
-3.17582
-3.17582
-3.17582
-3.17582
-3.17582
-3.17582
-3.17582
-3.17582
-3.17582
-3.17582
-3.17582
-3.17582
-3.17582
-3.17582
-3.17582
-3.17582
-3.17582
-3.17582
-3.17582
-3.17582
-3.17582
-3.17582
-3.17582
-3.17582
-3.17582
-3.17582
-3.17582
-3.17582
-3.17582
-3.17582
-3.17582
-3.17582
-3.17582
-3.17582
-3.17582
-3.17582
-3.17582
-3.17582
-3.17582
-3.17582
-3.17582
-3.17582
-3.17582
-3.17582
-3.17582
-3.17582
-3.17582
-3.17582
-3.17582
-3.17582
-3.17582
-3.17582
-3.17582
-3.17582
-3.17582
-3.17582
-3.17582
-3.17582
-3.17582
-3.17582
-3.17582
-3.17582
-3.17582
-3.17582
-3.17582
-3.17582
-3.17582
-3.17582
-3.17582
-3.17582
-3.17582
-3.17582
-3.17582
-3.17582
-3.17582
-3.02172
-3.02172
-3.02727
-3.03425
-3.03425
-3.03425
-3.04198
-3.04788
-3.04788
-3.04788
-3.05378
-3.06328
-3.06328
-3.06884
-3.06884
-3.07689
-3.0807
-3.08549
-3.08549
-3.09084
-3.09084
-3.09084
-3.09084
-3.09739
-3.09739
-3.09886
-3.11055
-3.12255
-3.12255
-3.12255
-3.12427
-3.12949
-3.12949
-3.13374
-3.13399
-3.13485
-3.13485
-3.13694
-3.13694
-3.13694
-3.13694
-3.14409
-3.14409
-3.14409
-3.14575
-3.14677
-3.14773
-3.14773
-3.1514
-3.1514
-3.1514
-3.15612
-3.15612
-3.15612
-3.15612
-3.15875
-3.16023
-3.16023
-3.16587
-3.16587
-3.16599
-3.16599
-3.16599
-3.16599
-3.16599
-3.16883
-3.16883
-3.16883
-3.16883
-3.17005
-3.17005
-3.17052
-3.17052
-3.17092
-3.17092
-3.17092
-3.17159
-3.17159
-3.17159
-3.17159
-3.17159
-3.17159
-3.17159
-3.17159
-3.17159
-3.17215
-3.17215
-3.17215
-3.17215
-3.17317
-3.17317
-3.17317
-3.17317
-3.17317
-3.17317
-3.17317
-3.17317
-3.17317
-3.17317
-3.17317
-3.17317
-3.17317
-3.17317
-3.17317
-3.17317
-3.17317
-3.17317
-3.17317
-3.17317
-3.17317
-3.17317
-3.1734
-3.1734
-3.1734
-3.1734
-3.1734
-3.1734
-3.1734
-3.1734
-3.1734
-3.1734
-3.1734
-3.1734
-3.1734
-3.1734
-3.1734
-3.1734
-3.1734
-3.1734
-3.1734
-3.1734
-3.1734
-3.1734
-3.1734
-3.1734
-3.1734
-3.1734
-3.1734
-3.1734
-3.1734
-3.1734
-3.1734
-3.17381
-3.17381
-3.17381
-3.17381
-3.17381
-3.17381
-3.17381
-3.17381
-3.17381
-3.17381
-3.17381
-3.17381
-3.17381
-3.17381
-3.17381
-3.17381
-3.17381
-3.17381
-3.17381
-3.17381
-3.17381
-3.17381
-3.17381
-3.17381
-3.17381
-3.17381
-3.17381
-3.17381
-3.17381
-3.17381
-3.17381
-3.17381
-3.17381
-3.17381
-3.17381
-3.17381
-3.17381
-3.17381
-3.17381
-3.17381
-3.17381
-3.17381
-3.17381
-3.17381
-3.17395
-3.17395
-3.17395
-3.17395
-3.17395
-3.17395
-3.17395
-3.17395
-3.17395
-3.17395
-3.17395
-3.17395
-3.17395
-3.17395
-3.17395
-3.17395
-3.17395
-3.17395
-3.17395
-3.17395
-3.17395
-3.17395
-3.17395
-3.17395
-3.17395
-3.17395
-3.17395
-3.17395
-3.17395
-3.17395
-3.17395
-3.17395
-3.17395
-3.17395
-3.17395
-3.17395
-3.17395
-3.17395
-3.17395
-3.17395
-3.17395
-3.17395
-3.17395
-3.17395
-3.17395
-3.17395
-3.17395
-3.17395
-3.17395
-3.17395
-3.17395
-3.17395
-3.17395
-3.17395
-3.17395
-3.17395
-3.17395
-3.17395
-3.17395
-3.17395
-3.17395
-3.17395
-3.17395
-3.17395
-3.17395
-3.17395
-3.17395
-3.17395
-3.17395
-3.17442
-3.17442
-3.17442
-3.17442
-3.17442
-3.17442
-3.17442
-3.17442
-3.17442
-3.17442
-3.17442
-3.17442
-3.17442
-3.17442
-3.17442
-3.17442
-3.17442
-3.17442
-3.17442
-3.17442
-3.17442
-3.17442
-3.17442
-3.17442
-3.17442
-3.17442
-3.17442
-3.17442
-3.17442
-3.17442
-3.17442
-3.17442
-3.17442
-3.17442
-3.17442
-3.17442
-3.17442
-3.17442
-3.17442
-3.17442
-3.17442
-3.17442
-3.17442
-3.17442
-3.17442
-3.17442
-3.17442
-3.17442
-3.17442
-3.17442
-3.17442
-3.17442
-3.17442
-3.17442
-3.17442
-3.17442
-3.17442
-3.17442
-3.17442
-3.17442
-3.17442
-3.17442
-3.17442
-3.17442
-3.17442
-3.17442
-3.17442
-3.17442
-3.17442
-3.17442
-3.17442
-3.17442
-3.17442
-3.17442
-3.17442
-3.17442
-3.17442
-3.17442
-3.17442
-3.17442
-3.17442
-3.17442
-3.17442
-3.17442
-3.17442
-3.17442
-3.17442
-3.17442
-3.17442
-3.17442
-3.17442
-3.17442
-3.17442
-3.17442
-3.17442
-3.17442
-3.17442
-3.17442
-3.17442
-3.17442
-3.17442
-3.17442
-3.17462
-3.17462
-3.17462
-3.17462
-3.17462
-3.17462
-3.17462
-3.17462
-3.17462
-3.17462
-3.17462
-3.17462
-3.17462
-3.17478
-3.175
-3.175
-3.175
-3.175
-3.175
-3.175
-3.175
-3.175
-3.175
-3.175
-3.175
-3.175
-3.175
-3.175
-3.175
-3.175
-3.175
-3.175
-3.175
-3.175
-3.175
-3.175
-3.175
-3.175
-3.175
-3.175
-3.175
-3.175
-3.175
-3.175
-3.175
-3.175
-3.175
-3.175
-3.17529
-3.17529
-3.17529
-3.17529
-3.17529
-3.17529
-3.17529
-3.17529
-3.17529
-3.17529
-3.17529
-3.17529
-3.17529
-3.17529
-3.17529
-3.17529
-3.17529
-3.17529
-3.17529
-3.17529
-3.17529
-3.17529
-3.17529
-3.17529
-3.17529
-3.17529
-3.17529
-3.17529
-3.17529
-3.17529
-3.17529
-3.17529
-3.17529
-3.17529
-3.17529
-3.17529
-3.17529
-3.17529
-3.17529
-3.17529
-3.17529
-3.17529
-3.17529
-3.17529
-3.17529
-3.17529
-3.17529
-3.17529
-3.17529
-3.17529
-3.17529
-3.17529
-3.17529
-3.17529
-3.17529
-3.17529
-3.17529
-3.17529
-3.17529
-3.17529
-3.17529
-3.17529
-3.17529
-3.17529
-3.17529
-3.17529
-3.17529
-3.17529
-3.17529
-3.17529
-3.17529
-3.17529
-3.17529
-3.17529
-3.17529
-3.17529
-3.17529
-3.17529
-3.17529
-3.17529
-3.17529
-3.17529
-3.17529
-3.17529
-3.17529
-3.17529
-3.17529
-3.17529
-3.17529
-3.17529
-3.17529
-3.17529
-3.17529
-3.17529
-3.17529
-3.17529
-3.02172
-3.0346
-3.04336
-3.05282
-3.05282
-3.05282
-3.06028
-3.06039
-3.06039
-3.06039
-3.06039
-3.06297
-3.06297
-3.07513
-3.08378
-3.08914
-3.10131
-3.10424
-3.10567
-3.10596
-3.10596
-3.10596
-3.10596
-3.10596
-3.10596
-3.10966
-3.10966
-3.1097
-3.1097
-3.11221
-3.11221
-3.1203
-3.12547
-3.13011
-3.13346
-3.13346
-3.13346
-3.13346
-3.13784
-3.14091
-3.14091
-3.14466
-3.14466
-3.14466
-3.14471
-3.14471
-3.14471
-3.15203
-3.15203
-3.15211
-3.15211
-3.15232
-3.15232
-3.15232
-3.15232
-3.15232
-3.15232
-3.15232
-3.15551
-3.15551
-3.15551
-3.15551
-3.15765
-3.1601
-3.1601
-3.1601
-3.16318
-3.16318
-3.1647
-3.1647
-3.1647
-3.1647
-3.1647
-3.1647
-3.1647
-3.16631
-3.16631
-3.16631
-3.16631
-3.16631
-3.16631
-3.16631
-3.16631
-3.16631
-3.16631
-3.16631
-3.16665
-3.16665
-3.16665
-3.16665
-3.16665
-3.16665
-3.16665
-3.16665
-3.16665
-3.16665
-3.16665
-3.16665
-3.16665
-3.16665
-3.16665
-3.16665
-3.16665
-3.16665
-3.16665
-3.16665
-3.16665
-3.16665
-3.16749
-3.16825
-3.16825
-3.16825
-3.16825
-3.16825
-3.16863
-3.16863
-3.16863
-3.16863
-3.16992
-3.16992
-3.16992
-3.16992
-3.17011
-3.17011
-3.17011
-3.17011
-3.17023
-3.17023
-3.17023
-3.17023
-3.17023
-3.17023
-3.17023
-3.17023
-3.17023
-3.17033
-3.17033
-3.17033
-3.17097
-3.17097
-3.17097
-3.17097
-3.17097
-3.17097
-3.17097
-3.17097
-3.17097
-3.17097
-3.17097
-3.17097
-3.17097
-3.17097
-3.17379
-3.17379
-3.17379
-3.17451
-3.17451
-3.17451
-3.17451
-3.17451
-3.17451
-3.17451
-3.17451
-3.17451
-3.17451
-3.17451
-3.17451
-3.17451
-3.17451
-3.17451
-3.17451
-3.17451
-3.17451
-3.17451
-3.17451
-3.17451
-3.17593
-3.17593
-3.17593
-3.17593
-3.17593
-3.17593
-3.17593
-3.17593
-3.17593
-3.17593
-3.17593
-3.17593
-3.17593
-3.17593
-3.17593
-3.17593
-3.17593
-3.17593
-3.17593
-3.17593
-3.17593
-3.17593
-3.17593
-3.17593
-3.17593
-3.17593
-3.17593
-3.17593
-3.17593
-3.17593
-3.17593
-3.17593
-3.17593
-3.17593
-3.17593
-3.17593
-3.17593
-3.17593
-3.17593
-3.17593
-3.17593
-3.17593
-3.17593
-3.17593
-3.17593
-3.17593
-3.17593
-3.17593
-3.17593
-3.17667
-3.17667
-3.17667
-3.17667
-3.17708
-3.17708
-3.17708
-3.17708
-3.17708
-3.17708
-3.17708
-3.17708
-3.17708
-3.17708
-3.17708
-3.17708
-3.17708
-3.17708
-3.17708
-3.17708
-3.17708
-3.17708
-3.17713
-3.17713
-3.17713
-3.17713
-3.17713
-3.17713
-3.17713
-3.17713
-3.17713
-3.17713
-3.17713
-3.17713
-3.17713
-3.17713
-3.17713
-3.17713
-3.17713
-3.17713
-3.17713
-3.17713
-3.17713
-3.17713
-3.17713
-3.17713
-3.17713
-3.17713
-3.17713
-3.17713
-3.17713
-3.17713
-3.17713
-3.17713
-3.17713
-3.17713
-3.17713
-3.17713
-3.17713
-3.17713
-3.17713
-3.17713
-3.17713
-3.17713
-3.17713
-3.17713
-3.17713
-3.17713
-3.17713
-3.17713
-3.17713
-3.17713
-3.17713
-3.17713
-3.17715
-3.17715
-3.17715
-3.17715
-3.17715
-3.17715
-3.17715
-3.17724
-3.17724
-3.17724
-3.17724
-3.17724
-3.17724
-3.17724
-3.17724
-3.17724
-3.17724
-3.17724
-3.17724
-3.17724
-3.17724
-3.17724
-3.17724
-3.17724
-3.17724
-3.17724
-3.17724
-3.17724
-3.17724
-3.17724
-3.17724
-3.17724
-3.17724
-3.17724
-3.17724
-3.17724
-3.17724
-3.17724
-3.17724
-3.17724
-3.17724
-3.17724
-3.17724
-3.17724
-3.17724
-3.17724
-3.17724
-3.17724
-3.17724
-3.17724
-3.17724
-3.17724
-3.17724
-3.17724
-3.17724
-3.17724
-3.17724
-3.17724
-3.17724
-3.17724
-3.17724
-3.17724
-3.17724
-3.17724
-3.17724
-3.17724
-3.17724
-3.17724
-3.17724
-3.17724
-3.17724
-3.17724
-3.17724
-3.17724
-3.17724
-3.17724
-3.17724
-3.17724
-3.17724
-3.17724
-3.17724
-3.17725
-3.17725
-3.17725
-3.17725
-3.17725
-3.17725
-3.17725
-3.17725
-3.17725
-3.17725
-3.1774
-3.1774
-3.1774
-3.1774
-3.1774
-3.1774
-3.1774
-3.1774
-3.1774
-3.1774
-3.1774
-3.1774
-3.1774
-3.1774
-3.1774
-3.1774
-3.1774
-3.1774
-3.1774
-3.1774
-3.1774
-3.1774
-3.1774
-3.1774
-3.1774
-3.1774
-3.1774
-3.1774
-3.1774
-3.1774
-3.1774
-3.1774
-3.1774
-3.1774
-3.1774
-3.1774
-3.1774
-3.1774
-3.1774
-3.1774
-3.1774
-3.17745
-3.17745
-3.17745
-3.17745
-3.17745
-3.17752
-3.17752
-3.17752
-3.17752
-3.17799
-3.17799
-3.17799
-3.17799
-3.17799
-3.17799
-3.17799
-3.17799
-3.17799
-3.17799
-3.17799
-3.17799
-3.17799
-3.17799
-3.17799
-3.17799
-3.17799
-3.17799
-3.17799
-3.17799
-3.17799
-3.17799
-3.17799
-3.17799
-3.17799
-3.17799
-3.17799
-3.17799
-3.17799
-3.17799
-3.17799
-3.17799
-3.17799
-3.17799
-3.17799
-3.17799
-3.17799
-3.17799
-3.17799
-3.17799
-3.17799
-3.17799
-3.17799
-3.17799
-3.17799
-3.17799
-3.17799
-3.17799
-3.17799
-3.17799
-3.17799
-3.17799
-3.17799
-3.17799
-3.17799
-3.17799
-3.17799
-3.17799
-3.17799
-3.17799
-3.17799
-3.02172
-3.04059
-3.05446
-3.05578
-3.06158
-3.06158
-3.06158
-3.06158
-3.06158
-3.06235
-3.06808
-3.06965
-3.07805
-3.08645
-3.08645
-3.08645
-3.08645
-3.08645
-3.09587
-3.09587
-3.09587
-3.09898
-3.09898
-3.09898
-3.10096
-3.10096
-3.10096
-3.11126
-3.11251
-3.11251
-3.11251
-3.11436
-3.11436
-3.11436
-3.11436
-3.11436
-3.11436
-3.12158
-3.12158
-3.12402
-3.12402
-3.12402
-3.12402
-3.13027
-3.13027
-3.13449
-3.13449
-3.13449
-3.1372
-3.14358
-3.14358
-3.14361
-3.14718
-3.14718
-3.14887
-3.14887
-3.14887
-3.14887
-3.14887
-3.15064
-3.15064
-3.15064
-3.15064
-3.15064
-3.15064
-3.15209
-3.15355
-3.15355
-3.15355
-3.15616
-3.15616
-3.15616
-3.15616
-3.15616
-3.15616
-3.15758
-3.15758
-3.15758
-3.15758
-3.15758
-3.15795
-3.16171
-3.16367
-3.16367
-3.16367
-3.16367
-3.16367
-3.1649
-3.1649
-3.1649
-3.1649
-3.1649
-3.1649
-3.1649
-3.1649
-3.1649
-3.1649
-3.1649
-3.1649
-3.1649
-3.1649
-3.1649
-3.16683
-3.16683
-3.16683
-3.16832
-3.16832
-3.1693
-3.1693
-3.1693
-3.1693
-3.1693
-3.1693
-3.1693
-3.1693
-3.1693
-3.1693
-3.1693
-3.1693
-3.1693
-3.1693
-3.1693
-3.1693
-3.1693
-3.1693
-3.1693
-3.1693
-3.1693
-3.1693
-3.1693
-3.16977
-3.16982
-3.16982
-3.16982
-3.16982
-3.16982
-3.16982
-3.17
-3.17
-3.17
-3.17004
-3.17004
-3.17004
-3.17004
-3.17004
-3.17004
-3.17004
-3.17209
-3.17209
-3.17209
-3.17209
-3.17209
-3.17209
-3.17209
-3.17209
-3.17209
-3.17209
-3.17209
-3.17321
-3.17321
-3.17321
-3.17321
-3.17321
-3.17321
-3.17321
-3.17321
-3.17345
-3.17392
-3.17392
-3.17392
-3.17392
-3.17392
-3.17392
-3.17392
-3.17392
-3.17392
-3.17392
-3.17392
-3.17392
-3.17392
-3.17392
-3.17392
-3.17392
-3.17392
-3.17392
-3.17392
-3.17392
-3.17392
-3.17392
-3.17392
-3.17392
-3.17392
-3.17392
-3.17392
-3.17392
-3.17392
-3.17392
-3.17392
-3.17392
-3.17392
-3.17392
-3.17392
-3.17392
-3.17392
-3.17392
-3.17392
-3.17392
-3.17392
-3.17392
-3.17392
-3.17392
-3.17392
-3.17392
-3.17392
-3.17392
-3.17392
-3.17392
-3.17392
-3.17392
-3.17392
-3.17392
-3.17392
-3.17392
-3.17392
-3.17392
-3.17392
-3.17392
-3.17392
-3.17392
-3.17392
-3.17392
-3.17392
-3.17392
-3.17392
-3.17392
-3.17392
-3.17392
-3.17392
-3.17392
-3.17392
-3.17392
-3.17392
-3.17392
-3.17392
-3.17392
-3.17392
-3.17392
-3.17392
-3.17392
-3.17392
-3.17392
-3.17392
-3.17392
-3.17392
-3.17392
-3.17392
-3.17392
-3.17392
-3.17392
-3.17392
-3.17392
-3.17392
-3.17392
-3.17392
-3.17392
-3.17392
-3.17392
-3.17392
-3.17392
-3.17392
-3.17392
-3.17392
-3.17392
-3.17392
-3.17392
-3.17392
-3.17392
-3.17392
-3.17392
-3.17392
-3.17392
-3.17392
-3.17392
-3.17392
-3.17392
-3.17392
-3.17392
-3.17392
-3.17392
-3.17392
-3.17392
-3.17392
-3.17392
-3.17392
-3.17392
-3.17392
-3.17392
-3.17392
-3.17392
-3.17392
-3.17392
-3.17392
-3.17392
-3.17392
-3.17392
-3.1742
-3.17437
-3.17437
-3.1752
-3.1752
-3.1752
-3.1752
-3.1752
-3.17594
-3.17594
-3.17594
-3.17594
-3.17594
-3.17594
-3.17594
-3.17594
-3.17594
-3.17594
-3.17594
-3.17594
-3.17594
-3.17594
-3.17594
-3.17594
-3.17594
-3.17594
-3.17594
-3.17594
-3.17594
-3.17594
-3.17594
-3.17594
-3.17594
-3.17594
-3.17594
-3.17594
-3.17594
-3.17594
-3.17594
-3.17594
-3.17594
-3.17594
-3.17594
-3.17594
-3.17594
-3.17594
-3.17594
-3.17594
-3.17594
-3.17594
-3.17594
-3.17594
-3.17594
-3.17594
-3.17594
-3.17594
-3.17594
-3.17594
-3.17594
-3.17594
-3.17594
-3.17594
-3.17594
-3.17594
-3.17594
-3.17594
-3.17594
-3.17594
-3.17594
-3.17594
-3.17594
-3.17594
-3.17594
-3.17594
-3.17594
-3.17594
-3.17594
-3.17594
-3.17594
-3.17594
-3.17594
-3.17594
-3.17594
-3.17594
-3.17594
-3.17594
-3.17594
-3.17594
-3.17594
-3.17594
-3.17594
-3.17594
-3.17594
-3.17594
-3.17594
-3.17594
-3.17594
-3.17594
-3.17594
-3.17594
-3.17594
-3.17594
-3.17594
-3.17594
-3.17594
-3.17594
-3.17594
-3.17594
-3.17594
-3.17594
-3.17594
-3.17594
-3.17594
-3.17594
-3.17594
-3.17594
-3.17594
-3.17594
-3.17594
-3.17594
-3.17594
-3.17594
-3.17594
-3.17594
-3.17594
-3.17594
-3.17594
-3.17594
-3.17594
-3.17594
-3.17594
-3.17594
-3.17594
-3.17594
-3.17594
-3.17594
-3.17594
-3.17594
-3.17594
-3.17594
-3.17594
-3.17594
-3.17594
-3.17594
-3.17594
-3.17594
-3.17594
-3.17594
-3.17594
-3.17594
-3.17594
-3.17594
-3.17594
-3.17594
-3.17594
-3.17594
-3.17594
-3.17594
-3.17594
-3.17594
-3.17594
-3.17594
-3.17594
-3.17594
-3.17594
-3.17594
-3.17594
-3.17594
-3.17594
-3.17594
-3.17594
-3.17594
-3.17594
-3.17594
-3.17594
-3.17594
-3.17594
-3.17594
-3.17594
-3.17594
-3.17594
-3.17594
-3.17594
-3.17594
-3.17594
-3.17594
-3.17594
-3.17594
-3.17594
-3.17594
-3.17594
-3.17594
-3.17594
-3.17594
-3.17594
-3.17594
-3.02172
-3.02172
-3.02172
-3.03342
-3.03342
-3.03342
-3.04621
-3.06006
-3.07166
-3.07166
-3.07166
-3.07166
-3.08627
-3.08627
-3.09055
-3.10037
-3.10037
-3.10037
-3.10645
-3.11772
-3.11772
-3.11772
-3.11772
-3.11772
-3.12029
-3.12402
-3.12571
-3.12984
-3.12984
-3.13235
-3.13235
-3.13235
-3.13235
-3.13921
-3.14325
-3.14951
-3.14975
-3.14975
-3.14975
-3.14975
-3.14975
-3.14975
-3.14975
-3.14975
-3.14975
-3.15308
-3.15308
-3.15345
-3.15534
-3.15534
-3.16095
-3.16095
-3.16095
-3.16131
-3.16131
-3.16328
-3.16328
-3.16328
-3.16328
-3.16328
-3.16328
-3.16697
-3.16697
-3.16796
-3.16796
-3.16835
-3.16835
-3.16835
-3.16835
-3.16835
-3.16835
-3.16835
-3.16835
-3.16835
-3.16835
-3.16835
-3.16835
-3.17034
-3.17034
-3.17034
-3.17034
-3.17034
-3.17034
-3.17121
-3.17121
-3.17121
-3.17121
-3.17121
-3.17222
-3.17222
-3.17222
-3.17222
-3.17222
-3.17222
-3.17222
-3.17222
-3.17222
-3.17222
-3.17222
-3.17222
-3.17222
-3.17364
-3.17364
-3.17364
-3.17364
-3.17364
-3.17364
-3.17364
-3.17364
-3.17364
-3.17386
-3.17386
-3.17386
-3.17386
-3.17386
-3.17386
-3.17386
-3.17386
-3.17386
-3.17386
-3.17386
-3.17386
-3.17386
-3.17386
-3.17386
-3.17386
-3.17386
-3.17386
-3.17386
-3.17386
-3.17386
-3.17387
-3.17387
-3.17387
-3.17387
-3.17387
-3.17387
-3.17387
-3.17387
-3.17387
-3.17387
-3.17387
-3.17387
-3.17387
-3.17387
-3.17387
-3.17387
-3.17387
-3.17387
-3.17387
-3.17387
-3.17405
-3.17405
-3.17405
-3.17405
-3.17405
-3.17405
-3.17418
-3.17418
-3.17418
-3.17418
-3.17418
-3.17418
-3.17418
-3.17418
-3.17418
-3.17418
-3.17418
-3.17418
-3.17418
-3.17441
-3.17441
-3.17441
-3.17441
-3.17441
-3.17441
-3.17441
-3.17441
-3.17441
-3.17457
-3.17457
-3.17457
-3.17457
-3.17457
-3.17457
-3.17457
-3.17457
-3.17457
-3.17457
-3.17457
-3.17457
-3.17483
-3.17483
-3.17483
-3.17483
-3.17483
-3.17483
-3.17483
-3.17483
-3.17483
-3.17483
-3.17483
-3.17483
-3.17483
-3.17483
-3.17483
-3.17483
-3.17483
-3.17483
-3.17483
-3.17483
-3.17483
-3.17483
-3.17483
-3.17483
-3.17483
-3.17483
-3.17483
-3.17483
-3.17483
-3.17483
-3.17483
-3.17483
-3.17483
-3.17483
-3.17483
-3.17483
-3.17483
-3.17483
-3.17483
-3.17483
-3.17483
-3.17483
-3.17483
-3.17483
-3.17483
-3.17483
-3.17483
-3.17483
-3.17483
-3.17483
-3.17483
-3.17483
-3.17493
-3.17493
-3.17493
-3.17493
-3.17493
-3.17493
-3.17493
-3.17493
-3.17493
-3.17493
-3.17493
-3.17493
-3.17493
-3.17493
-3.17493
-3.17493
-3.17493
-3.17493
-3.17493
-3.17493
-3.17493
-3.17493
-3.17493
-3.17493
-3.17493
-3.17493
-3.17493
-3.17493
-3.17493
-3.17493
-3.17493
-3.17493
-3.17493
-3.17493
-3.17493
-3.17493
-3.17493
-3.17493
-3.17493
-3.17493
-3.17493
-3.17493
-3.17493
-3.17493
-3.17493
-3.17493
-3.17509
-3.17509
-3.17509
-3.17509
-3.17509
-3.17509
-3.17509
-3.17509
-3.17509
-3.17509
-3.17509
-3.17509
-3.17509
-3.17509
-3.17509
-3.17509
-3.17521
-3.17521
-3.17521
-3.17521
-3.17521
-3.17521
-3.17521
-3.17521
-3.17521
-3.17546
-3.17546
-3.17546
-3.17546
-3.17546
-3.17577
-3.17577
-3.17577
-3.17577
-3.17577
-3.17577
-3.17577
-3.17577
-3.17577
-3.17577
-3.17577
-3.17577
-3.17577
-3.17577
-3.17577
-3.17577
-3.17577
-3.17577
-3.17577
-3.17577
-3.17577
-3.17632
-3.17632
-3.17632
-3.17632
-3.17632
-3.17632
-3.17632
-3.17632
-3.17632
-3.17632
-3.17632
-3.17632
-3.17632
-3.17632
-3.17632
-3.17632
-3.17632
-3.17632
-3.17632
-3.17632
-3.17632
-3.17632
-3.17632
-3.1764
-3.1764
-3.1764
-3.1764
-3.1764
-3.1764
-3.1764
-3.1764
-3.1764
-3.17656
-3.17656
-3.17656
-3.17656
-3.17656
-3.17656
-3.17745
-3.17745
-3.17745
-3.17745
-3.17745
-3.17745
-3.17745
-3.17745
-3.17764
-3.17764
-3.17764
-3.17764
-3.17764
-3.17764
-3.17764
-3.17764
-3.17764
-3.17764
-3.17764
-3.17764
-3.17764
-3.17764
-3.17764
-3.17764
-3.17764
-3.17764
-3.17764
-3.17764
-3.17764
-3.17764
-3.17764
-3.17764
-3.17764
-3.17764
-3.17764
-3.17764
-3.17764
-3.17764
-3.17764
-3.17764
-3.17764
-3.17764
-3.17764
-3.17764
-3.17764
-3.17764
-3.17764
-3.17764
-3.17764
-3.17764
-3.17764
-3.17764
-3.17764
-3.17764
-3.17764
-3.17764
-3.17764
-3.17764
-3.17764
-3.17764
-3.17764
-3.17764
-3.17764
-3.17764
-3.17764
-3.17764
-3.17764
-3.17764
-3.17764
-3.17764
-3.17764
-3.17764
-3.17764
-3.17764
-3.17764
-3.17764
-3.17764
-3.17764
-3.17764
-3.17764
-3.17764
-3.17764
-3.17764
-3.17764
-3.17764
-3.17764
-3.17764
-3.17764
-3.17764
-3.17764
-3.17764
-3.17764
-3.17764
-3.17764
-3.17764
-3.17764
-3.17764
-3.17764
-3.17764
-3.17764
-3.17764
-3.17764
-3.17764
-3.17764
-3.17764
-3.17764
-3.17764
-3.17764
-3.17764
-3.17764
-3.17764
-3.17764
-3.17764
-3.17764
-3.17764
-3.17764
-3.17764
-3.17764
-3.17764
-3.17764
-3.17764
-3.17764
-3.17764
-3.02172
-3.02172
-3.03517
-3.04176
-3.05866
-3.05866
-3.07143
-3.07143
-3.08198
-3.09304
-3.09568
-3.09568
-3.09568
-3.09895
-3.10442
-3.10442
-3.10538
-3.10538
-3.10728
-3.10729
-3.10729
-3.10729
-3.10729
-3.10729
-3.10851
-3.10851
-3.10851
-3.1169
-3.12083
-3.12083
-3.12083
-3.12083
-3.13105
-3.13416
-3.1354
-3.14115
-3.14115
-3.14227
-3.1424
-3.1424
-3.1424
-3.1424
-3.1424
-3.1424
-3.14677
-3.14677
-3.14677
-3.14677
-3.14677
-3.14677
-3.14991
-3.14991
-3.15164
-3.15164
-3.15164
-3.15164
-3.15164
-3.15309
-3.15309
-3.15512
-3.15512
-3.15512
-3.15537
-3.15537
-3.15537
-3.15537
-3.15736
-3.15736
-3.15749
-3.15749
-3.15853
-3.15853
-3.15853
-3.15853
-3.15862
-3.15862
-3.15862
-3.15924
-3.15924
-3.15924
-3.16051
-3.16051
-3.16051
-3.16218
-3.16567
-3.16567
-3.16567
-3.16567
-3.16567
-3.16567
-3.16567
-3.16567
-3.16567
-3.16699
-3.16699
-3.16699
-3.16699
-3.16699
-3.16701
-3.16701
-3.16701
-3.16701
-3.16719
-3.16719
-3.16719
-3.16719
-3.16719
-3.16719
-3.16719
-3.16719
-3.16719
-3.16719
-3.16719
-3.16775
-3.16775
-3.16775
-3.16775
-3.16775
-3.16775
-3.16775
-3.16775
-3.16782
-3.16948
-3.16948
-3.16948
-3.16948
-3.16948
-3.16948
-3.16948
-3.16948
-3.16948
-3.16948
-3.16948
-3.16948
-3.16948
-3.16948
-3.16948
-3.16948
-3.16948
-3.16948
-3.16948
-3.16948
-3.16948
-3.16948
-3.16948
-3.16948
-3.16953
-3.16953
-3.16953
-3.16953
-3.16953
-3.16953
-3.16953
-3.16953
-3.16979
-3.16979
-3.16979
-3.16979
-3.16979
-3.16979
-3.16979
-3.16979
-3.16979
-3.16979
-3.16979
-3.16979
-3.16979
-3.16979
-3.16979
-3.16979
-3.16979
-3.16979
-3.16979
-3.16979
-3.16979
-3.16979
-3.16979
-3.16979
-3.16979
-3.16979
-3.16979
-3.16979
-3.16979
-3.16979
-3.16979
-3.16979
-3.16979
-3.16979
-3.16979
-3.16979
-3.16979
-3.16979
-3.17085
-3.17085
-3.17085
-3.17085
-3.17085
-3.17085
-3.17085
-3.17085
-3.17085
-3.17085
-3.17085
-3.17085
-3.17085
-3.17085
-3.17085
-3.17085
-3.17103
-3.17103
-3.17103
-3.17103
-3.17103
-3.17103
-3.17103
-3.17103
-3.17103
-3.17103
-3.17103
-3.17103
-3.17103
-3.17103
-3.17103
-3.17103
-3.17103
-3.17103
-3.17103
-3.17103
-3.17103
-3.17103
-3.17103
-3.17103
-3.17103
-3.17119
-3.17119
-3.17119
-3.17119
-3.17119
-3.17119
-3.17119
-3.17127
-3.17127
-3.17127
-3.17127
-3.17127
-3.17127
-3.17127
-3.17238
-3.17238
-3.17238
-3.17238
-3.17238
-3.17238
-3.17238
-3.17238
-3.17238
-3.17238
-3.17238
-3.17238
-3.17238
-3.17238
-3.17238
-3.17238
-3.17238
-3.17238
-3.17238
-3.17238
-3.17238
-3.17238
-3.17238
-3.17238
-3.17238
-3.17238
-3.17238
-3.17238
-3.17238
-3.17251
-3.17251
-3.17251
-3.17271
-3.17271
-3.17271
-3.17271
-3.17271
-3.17271
-3.17271
-3.17271
-3.17271
-3.17271
-3.17271
-3.17271
-3.17271
-3.17271
-3.17271
-3.17286
-3.17286
-3.17286
-3.17286
-3.17286
-3.17286
-3.17286
-3.17286
-3.17286
-3.17286
-3.17286
-3.17286
-3.17286
-3.17286
-3.17286
-3.17286
-3.17286
-3.17286
-3.17286
-3.17286
-3.17286
-3.17286
-3.17286
-3.17286
-3.17286
-3.17286
-3.17286
-3.17286
-3.17286
-3.17286
-3.17367
-3.17367
-3.17367
-3.17367
-3.17367
-3.17367
-3.1738
-3.1738
-3.1738
-3.1738
-3.1738
-3.1738
-3.1738
-3.1738
-3.1738
-3.1738
-3.1738
-3.1738
-3.1738
-3.1738
-3.1738
-3.1738
-3.1738
-3.17474
-3.17474
-3.17474
-3.17504
-3.17504
-3.17504
-3.17567
-3.17567
-3.17567
-3.17567
-3.17567
-3.17567
-3.17567
-3.17567
-3.17567
-3.17567
-3.17567
-3.17567
-3.17567
-3.17567
-3.17567
-3.17567
-3.17567
-3.17567
-3.17567
-3.17567
-3.17567
-3.17567
-3.17567
-3.17567
-3.17567
-3.17567
-3.17567
-3.17567
-3.17567
-3.17567
-3.17567
-3.17567
-3.17567
-3.17567
-3.17567
-3.17567
-3.17567
-3.17567
-3.17567
-3.17567
-3.17567
-3.17567
-3.17567
-3.17567
-3.17567
-3.17567
-3.17567
-3.17567
-3.17567
-3.17567
-3.17567
-3.17567
-3.17567
-3.17567
-3.17567
-3.17567
-3.17567
-3.17567
-3.17567
-3.17567
-3.17567
-3.17567
-3.17567
-3.17567
-3.17567
-3.17567
-3.17567
-3.17567
-3.17567
-3.17567
-3.17567
-3.17567
-3.17567
-3.17567
-3.17567
-3.17567
-3.17567
-3.17567
-3.17567
-3.17567
-3.17567
-3.17617
-3.17617
-3.17617
-3.17617
-3.17617
-3.17617
-3.17617
-3.17617
-3.17617
-3.17617
-3.17617
-3.17617
-3.17617
-3.17617
-3.17617
-3.17617
-3.17617
-3.17617
-3.17617
-3.17617
-3.17617
-3.17617
-3.17617
-3.17617
-3.17617
-3.17617
-3.17617
-3.17617
-3.17617
-3.17617
-3.17617
-3.17617
-3.17617
-3.17617
-3.17617
-3.17617
-3.17617
-3.17617
-3.17617
-3.17617
-3.17692
-3.17692
-3.17692
-3.17692
-3.17692
-3.17692
-3.17692
-3.17692
-3.17692
-3.17692
-3.17692
-3.17692
-3.17692
-3.17692
-3.17692
-3.17692
-3.17692
-3.17692
-3.17692
-3.17692
-3.17692
-3.17692
-3.17692
-3.17692
-3.17692
-3.17692
-3.17692
-3.02172
-3.02172
-3.02172
-3.02172
-3.02172
-3.02172
-3.02172
-3.02371
-3.03705
-3.03705
-3.04247
-3.04247
-3.04247
-3.04903
-3.06026
-3.07613
-3.07613
-3.08062
-3.08062
-3.08062
-3.08589
-3.08589
-3.08991
-3.08991
-3.08991
-3.08991
-3.08991
-3.10009
-3.10009
-3.10709
-3.10923
-3.10923
-3.10923
-3.11023
-3.11023
-3.11468
-3.11468
-3.11468
-3.11468
-3.11468
-3.11468
-3.11468
-3.11468
-3.11836
-3.11836
-3.12153
-3.12576
-3.1304
-3.1304
-3.1321
-3.1321
-3.1321
-3.13551
-3.13828
-3.13828
-3.13828
-3.14094
-3.14094
-3.14094
-3.14094
-3.14094
-3.14094
-3.14432
-3.14432
-3.14823
-3.14941
-3.14941
-3.15323
-3.15323
-3.15323
-3.15323
-3.15323
-3.15323
-3.1561
-3.1561
-3.15909
-3.15909
-3.15909
-3.15909
-3.15909
-3.15909
-3.15909
-3.15909
-3.16157
-3.16157
-3.16319
-3.16319
-3.16319
-3.16319
-3.16319
-3.16319
-3.16319
-3.16319
-3.16319
-3.16319
-3.16319
-3.16478
-3.16478
-3.16478
-3.16478
-3.16478
-3.16478
-3.16478
-3.16478
-3.16478
-3.1658
-3.1658
-3.1658
-3.1658
-3.1658
-3.1658
-3.16661
-3.16661
-3.16661
-3.16661
-3.16661
-3.16661
-3.16661
-3.16661
-3.16661
-3.16667
-3.16667
-3.16667
-3.16667
-3.16667
-3.16667
-3.16667
-3.16667
-3.16681
-3.16681
-3.16681
-3.16681
-3.16681
-3.16681
-3.16681
-3.16681
-3.16681
-3.16681
-3.167
-3.167
-3.16777
-3.16777
-3.16777
-3.16777
-3.16777
-3.16777
-3.16777
-3.16777
-3.16777
-3.16777
-3.16777
-3.16777
-3.16777
-3.16777
-3.16777
-3.16777
-3.16777
-3.16777
-3.16777
-3.16777
-3.16777
-3.16777
-3.16777
-3.16777
-3.16777
-3.16777
-3.16777
-3.16777
-3.16777
-3.16792
-3.16792
-3.16792
-3.16792
-3.16792
-3.16792
-3.16792
-3.16792
-3.16792
-3.16792
-3.16792
-3.16792
-3.16792
-3.16792
-3.16792
-3.16792
-3.16792
-3.16792
-3.16792
-3.16792
-3.16792
-3.16792
-3.16792
-3.16792
-3.16792
-3.16792
-3.16792
-3.16792
-3.16792
-3.16792
-3.16792
-3.16792
-3.16792
-3.16792
-3.16792
-3.16792
-3.16792
-3.16792
-3.16792
-3.16792
-3.16792
-3.16792
-3.16792
-3.16792
-3.16792
-3.16792
-3.16805
-3.16805
-3.16805
-3.16805
-3.16805
-3.16805
-3.16805
-3.16805
-3.16805
-3.16805
-3.16805
-3.16805
-3.16805
-3.16805
-3.16805
-3.16805
-3.16805
-3.16825
-3.16825
-3.16831
-3.16831
-3.16831
-3.16831
-3.16831
-3.16831
-3.16831
-3.16831
-3.16831
-3.16831
-3.16831
-3.16831
-3.16831
-3.16831
-3.16831
-3.16831
-3.16831
-3.16831
-3.16831
-3.16831
-3.16831
-3.16831
-3.16831
-3.16831
-3.16831
-3.16831
-3.16831
-3.16831
-3.16831
-3.16831
-3.16831
-3.16831
-3.16831
-3.16831
-3.16927
-3.16944
-3.16944
-3.16944
-3.16944
-3.16944
-3.16944
-3.16944
-3.16944
-3.16944
-3.16944
-3.16944
-3.16944
-3.16944
-3.16944
-3.16944
-3.16944
-3.16944
-3.16944
-3.16944
-3.16944
-3.16944
-3.16944
-3.16944
-3.16944
-3.16944
-3.16944
-3.16944
-3.16944
-3.16944
-3.16944
-3.16944
-3.16944
-3.16944
-3.16944
-3.16944
-3.16944
-3.16944
-3.16944
-3.16954
-3.16954
-3.16954
-3.16954
-3.16954
-3.16954
-3.16954
-3.16954
-3.16954
-3.16954
-3.16954
-3.16954
-3.16997
-3.16997
-3.16997
-3.16997
-3.17077
-3.17077
-3.17077
-3.17077
-3.17077
-3.17077
-3.17077
-3.17077
-3.17106
-3.17106
-3.17106
-3.17106
-3.17106
-3.17106
-3.17106
-3.17106
-3.17106
-3.17106
-3.17106
-3.17106
-3.17106
-3.17106
-3.17106
-3.17106
-3.17106
-3.17106
-3.17106
-3.17106
-3.17106
-3.17106
-3.17106
-3.17106
-3.17106
-3.17106
-3.17106
-3.17106
-3.17106
-3.17106
-3.17106
-3.17106
-3.17106
-3.17125
-3.17125
-3.17125
-3.17125
-3.17125
-3.17125
-3.17125
-3.17125
-3.17125
-3.17125
-3.17125
-3.17125
-3.1715
-3.1715
-3.17191
-3.17191
-3.17191
-3.17191
-3.17191
-3.17191
-3.17191
-3.17191
-3.17191
-3.17191
-3.17191
-3.17191
-3.17191
-3.17191
-3.17191
-3.17191
-3.17191
-3.17191
-3.17191
-3.17191
-3.17191
-3.17191
-3.17191
-3.17191
-3.17191
-3.17191
-3.17191
-3.17191
-3.17191
-3.17191
-3.17191
-3.17191
-3.17289
-3.17289
-3.17289
-3.17289
-3.17289
-3.17289
-3.17289
-3.17289
-3.17289
-3.17289
-3.17289
-3.17347
-3.17347
-3.17347
-3.17347
-3.17347
-3.17347
-3.17347
-3.17347
-3.17358
-3.17358
-3.17358
-3.17358
-3.17358
-3.17358
-3.17358
-3.17358
-3.17358
-3.17406
-3.17406
-3.17406
-3.17406
-3.17406
-3.17406
-3.17406
-3.17406
-3.17406
-3.17406
-3.17406
-3.17406
-3.17406
-3.17406
-3.17406
-3.17406
-3.17406
-3.17406
-3.17406
-3.17406
-3.17406
-3.17406
-3.17406
-3.17406
-3.17406
-3.17406
-3.17406
-3.17406
-3.17406
-3.1744
-3.1744
-3.1744
-3.1744
-3.1744
-3.1744
-3.17442
-3.17442
-3.17442
-3.17442
-3.17442
-3.17442
-3.17442
-3.17442
-3.17442
-3.17442
-3.17442
-3.17442
-3.17442
-3.17442
-3.17442
-3.17442
-3.17442
-3.17442
-3.17442
-3.17442
-3.17442
-3.17442
-3.17442
-3.17442
-3.17442
-3.17442
-3.1757
-3.1757
-3.02172
-3.02172
-3.02172
-3.02172
-3.04049
-3.04049
-3.04049
-3.04049
-3.04049
-3.04862
-3.0582
-3.0617
-3.06914
-3.079
-3.09074
-3.09074
-3.09974
-3.10142
-3.10142
-3.10142
-3.11044
-3.11044
-3.11747
-3.12445
-3.12445
-3.13334
-3.13334
-3.13389
-3.13583
-3.14445
-3.14445
-3.14445
-3.14445
-3.14452
-3.14452
-3.14452
-3.14452
-3.14452
-3.14795
-3.1521
-3.1521
-3.1521
-3.1554
-3.1554
-3.1554
-3.1576
-3.1576
-3.1576
-3.1576
-3.1576
-3.1576
-3.1576
-3.16125
-3.16205
-3.16205
-3.16205
-3.16205
-3.16205
-3.16205
-3.16205
-3.16205
-3.16261
-3.16261
-3.16261
-3.16354
-3.16354
-3.16354
-3.16544
-3.16544
-3.16544
-3.16544
-3.16544
-3.16544
-3.16632
-3.16632
-3.16632
-3.16632
-3.16632
-3.16632
-3.16632
-3.16632
-3.16632
-3.16699
-3.16699
-3.16699
-3.16699
-3.16721
-3.16721
-3.1682
-3.1682
-3.1682
-3.16824
-3.16824
-3.16824
-3.16824
-3.16824
-3.1685
-3.17056
-3.17059
-3.17059
-3.1714
-3.1714
-3.1714
-3.17315
-3.17315
-3.17315
-3.17315
-3.17315
-3.17327
-3.17327
-3.17327
-3.17327
-3.17327
-3.17327
-3.17327
-3.17327
-3.17327
-3.17327
-3.17327
-3.17327
-3.17327
-3.17327
-3.17327
-3.17327
-3.17327
-3.17327
-3.17327
-3.17327
-3.17327
-3.17327
-3.17327
-3.17327
-3.17327
-3.17327
-3.17327
-3.17327
-3.17327
-3.17327
-3.17327
-3.17327
-3.17327
-3.17327
-3.17327
-3.17327
-3.17327
-3.17327
-3.17327
-3.17327
-3.17327
-3.17327
-3.17327
-3.17327
-3.17327
-3.17327
-3.17327
-3.17327
-3.17327
-3.17327
-3.17327
-3.17327
-3.17327
-3.17327
-3.17327
-3.17327
-3.17327
-3.17347
-3.17347
-3.17347
-3.17347
-3.17347
-3.17347
-3.17347
-3.17347
-3.17347
-3.17347
-3.17347
-3.17347
-3.17347
-3.17347
-3.17347
-3.17347
-3.17429
-3.17429
-3.17429
-3.17429
-3.17429
-3.17429
-3.17429
-3.17429
-3.17429
-3.17456
-3.17456
-3.17456
-3.17463
-3.17463
-3.17463
-3.17468
-3.17468
-3.17468
-3.17468
-3.17468
-3.17468
-3.17514
-3.17514
-3.17514
-3.17514
-3.17514
-3.17514
-3.17514
-3.17514
-3.17514
-3.17514
-3.17514
-3.17514
-3.17514
-3.17514
-3.17514
-3.17514
-3.17514
-3.17514
-3.17514
-3.17514
-3.17514
-3.17514
-3.17514
-3.17514
-3.17514
-3.17514
-3.17514
-3.17514
-3.17514
-3.17514
-3.17514
-3.17514
-3.17514
-3.17514
-3.17514
-3.17514
-3.17514
-3.17514
-3.17514
-3.17514
-3.17514
-3.17514
-3.17514
-3.17514
-3.17514
-3.17514
-3.17514
-3.17514
-3.17545
-3.17545
-3.17545
-3.17545
-3.17545
-3.17545
-3.17545
-3.17545
-3.17548
-3.17548
-3.17548
-3.17548
-3.17548
-3.17548
-3.17548
-3.17548
-3.17548
-3.17548
-3.17548
-3.17548
-3.17548
-3.17548
-3.17548
-3.17548
-3.17548
-3.17548
-3.17548
-3.17548
-3.17548
-3.17548
-3.17548
-3.17548
-3.17548
-3.17548
-3.17548
-3.17548
-3.17548
-3.17548
-3.17548
-3.17548
-3.17548
-3.17548
-3.17548
-3.17548
-3.17548
-3.17548
-3.17548
-3.17548
-3.17548
-3.17551
-3.17551
-3.17551
-3.17551
-3.17551
-3.17551
-3.17551
-3.17551
-3.17551
-3.17551
-3.17551
-3.17551
-3.17551
-3.17551
-3.17551
-3.17551
-3.17551
-3.17551
-3.17551
-3.17551
-3.17551
-3.17551
-3.17551
-3.17551
-3.17551
-3.17551
-3.17551
-3.17551
-3.17551
-3.17551
-3.17551
-3.17551
-3.17551
-3.17551
-3.17551
-3.17551
-3.17551
-3.17551
-3.17551
-3.17551
-3.17551
-3.17551
-3.17551
-3.17551
-3.17551
-3.17551
-3.17551
-3.17551
-3.17551
-3.17551
-3.17551
-3.17551
-3.17551
-3.17551
-3.17551
-3.17551
-3.17551
-3.17551
-3.17551
-3.17551
-3.17551
-3.17602
-3.17602
-3.17602
-3.17602
-3.17602
-3.17602
-3.17602
-3.17602
-3.17602
-3.17602
-3.17602
-3.17602
-3.17602
-3.17602
-3.17602
-3.17602
-3.17602
-3.17602
-3.17602
-3.17602
-3.17602
-3.17602
-3.17602
-3.17602
-3.17602
-3.17602
-3.17602
-3.17602
-3.17602
-3.17602
-3.17602
-3.17602
-3.17602
-3.17602
-3.17602
-3.17602
-3.17602
-3.17602
-3.17602
-3.17602
-3.17602
-3.17602
-3.17602
-3.17602
-3.17602
-3.17602
-3.17602
-3.17602
-3.17602
-3.17602
-3.17602
-3.17602
-3.17602
-3.17602
-3.17602
-3.17602
-3.17602
-3.17602
-3.17602
-3.17602
-3.17602
-3.17602
-3.17602
-3.17602
-3.17602
-3.17602
-3.17602
-3.17602
-3.17602
-3.17602
-3.17602
-3.17602
-3.17602
-3.17602
-3.17602
-3.17602
-3.17602
-3.17602
-3.17602
-3.17602
-3.17602
-3.17602
-3.17602
-3.17602
-3.17602
-3.17602
-3.17602
-3.17602
-3.17602
-3.17602
-3.17602
-3.17602
-3.17602
-3.17602
-3.17602
-3.17602
-3.17602
-3.17602
-3.17602
-3.17602
-3.17602
-3.17602
-3.17602
-3.17602
-3.17602
-3.17602
-3.17602
-3.17602
-3.17602
-3.17602
-3.17602
-3.17602
-3.17602
-3.17602
-3.17602
-3.17602
-3.17602
-3.17602
-3.17602
-3.17602
-3.17602
-3.17602
-3.17602
-3.17602
-3.17602
-3.17602
-3.17602
-3.17602
-3.17602
-3.17602
-3.17602
-3.17602
-3.17602
-3.17602
-3.17602
-3.17602
-3.17602
-3.17602
-3.17602
-3.17602
-3.17602
